23459840
12095488
23916544
12410883
81278976
50378757
1406983
44077064
65591305
60936201
40691722
21690382
64946193
91815954
43407378
13574164
58576918
49489943
24444953
88283162
30869532
14235676
75653155
12130339
54026280
6465580
85770285
41826357
6113335
50788417
42471490
75776068
52846661
5005382
68388936
54194249
30359626
76101708
55439439
47478865
29845589
59224151
54376535
69066844
47911005
10188894
88451169
15181924
60477541
80472166
34158693
45971560
74586216
38137963
26337389
51998831
86765680
8052850
98074741
24987767
84240504
83546237
54331520
74758278
96067722
16939147
94126223
36432016
66302097
67334290
35248279
25665688
17111032
47614106
12427419
12015768
33546401
84025506
66312355
90349735
68640936
36337834
59381932
54513837
17115310
64747696
4833457
28598450
22489267
81010865
32727221
95359159
44157111
18395319
90845368
24547511
83443901
1044671
46538945
10348738
33517764
95981765
99446984
42109128
58847436
56066253
11776206
31582413
91910353
20662489
2494681
51794139
6697180
14995676
82405595
25299167
40501475
10016996
4831459
49733862
54257895
31932647
33736937
94435565
97804526
32063728
81469680
13279477
28748023
59851000
39596282
79419643
48625916
66177278
46002431
89716993
95869188
52072709
32686341
2920712
78792969
4188426
81047819
92940558
87730447
30601491
52885783
17828120
20056345
65083673
78367003
53831966
39698720
97435939
36475176
65708330
75405610
92143916
7670063
68016434
92297522
23195960
41791800
53068095
43163971
66320710
85467463
17174856
50485578
58231120
30925140
47628629
36952406
49791322
41945434
91525466
36632925
51816797
9564509
37003614
85313889
99516772
88908133
16408936
5222766
47399278
13799792
10310001
7002483
50944377
20605306
70113661
2050433
84885889
99703171
95314308
42305926
65489287
79118731
20748687
13529487
28672401
61251986
72016278
25508248
57459097
11239834
94900637
91115933
40057247
89940385
87439779
10314149
43434406
54901159
55759272
98580906
36247980
37423535
61231536
93417906
35353014
96248248
97014204
82354624
63144385
20271553
12276164
5247430
64104903
16777674
91197901
7209425
72591825
98832854
84537815
66222551
19907033
95558103
67877339
90341858
55747045
83005925
38451687
20408810
57547243
78103020
78463469
9916910
89848303
47776239
37538289
28039658
29088245
96449022
44941823
8088066
64619010
34228740
96406022
395785
2218506
34273809
64813588
9163287
14350872
71490074
68127259
37392925
29902841
13746719
84042272
88918563
75385382
47139367
911912
23687724
5347887
81044018
13296181
98650677
77244984
23980602
53977659
15792700
77722173
79415870
57674306
90991171
46129736
66122315
10730063
83100242
1393240
99717727
37798495
50553446
23515751
64805480
19188329
62509678
4772463
47579760
71821938
19430003
59755123
99897342
94339703
93092470
84640377
62724727
27339382
92709500
22497917
74138238
81373823
10162807
11090554
94612097
77261443
18254468
71211655
69900936
39875213
11510414
90403472
88564371
42314387
12253844
87331479
16589470
68872865
13984421
14211750
72815271
26505896
92267178
81777323
50455212
27095722
41216685
91722415
91562681
98233018
83419835
11373242
17101499
45286075
82698943
22895295
2257601
6122169
48655035
65624772
10791621
47020741
94753477
58165960
94546630
16353990
82418379
49134284
8886981
22670029
2554575
86680255
78189268
74656470
72139479
76335830
49930967
16904931
72030949
21740263
75006696
71981806
77339375
69810933
35255030
3119861
12860163
50563847
15280905
80362249
84765456
66409245
84073246
53725983
86618913
1731361
12137250
10754852
31142694
11062060
44450605
670511
64695088
41345843
64727870
51845951
82008896
5262144
2134850
78611262
85541695
96142148
12112713
8174411
60259149
16276306
23028563
84681563
9888603
43684704
6179681
91804516
61911908
21451623
74435432
54096743
13968234
83276651
40620908
46732141
9356142
37391215
28185462
2024318
32523137
4774790
85642121
34808717
72393615
689044
6603668
29049752
41622427
35869597
16462749
96230305
86694818
16262051
7058340
59964325
97368770
3933091
95810473
83551145
13988779
84468653
8248238
26921901
57109430
92021688
67783610
61506491
65164221
82060222
51133375
35144643
725959
3433416
55716808
18666445
41718735
3290066
88710099
99181524
71099348
29856726
61721557
91132884
67673049
64728026
81159128
6738904
1998841
57009111
75342815
71095264
81935329
13749218
70566881
23053284
44770281
44542953
60695531
75176943
70626291
54580212
82377718
4234231
29674489
15004671
37530625
45734917
25844742
11500552
64293896
71967754
88167435
67628045
18517006
18246671
30913552
32328726
41157655
66630679
33317918
15576095
70482976
48178207
24554530
68828194
742439
75648040
23620650
95173674
53810222
8262707
51139636
74296374
71040056
36267067
12741692
94413885
65043516
1803326
41493568
13274179
30336069
78675014
99523662
75068495
8066128
93246543
75377749
77821014
52968536
33903706
35819513
1995872
95857763
85236836
2094182
67257453
76850286
62618734
66702448
7476337
76967027
73593975
61844602
6392954
19727482
69225598
32914564
26981510
88247431
67429514
48985229
91595918
39679119
39478416
17374354
84810900
71058583
83319960
9065626
339100
96992414
95585447
53628075
97330348
13577391
23157938
6427827
6843573
23399605
1088695
23626935
5823671
7056571
15813821
35962047
35863745
3396803
31716548
92802245
78734533
41721029
75193541
92976332
34993356
8970942
43521232
8731858
34483411
75951316
27800798
10431715
35179749
83414246
7564519
63624423
75893993
7451883
25461997
54779121
73102579
4478198
65654007
39650553
96673018
39488763
21267707
75926782
30405888
15523072
91421956
83483912
40193289
47965461
39392540
75560220
48252190
55139612
27383070
83324193
51664161
33969445
16839974
53212455
26541349
27925803
87616816
51094836
81802550
17851703
60101944
36056379
42261822
72295754
31579469
53161297
63536466
27897171
68293975
86398296
43335002
23414107
1381723
21722462
95917409
47263075
68812132
32718180
60693870
81431921
24845688
7685496
17864059
47771005
2680189
89542024
77331855
77538706
41407891
9835924
96212375
56354200
31956377
56749470
25157023
73311648
20735394
45569444
61367716
69189032
2180521
85114285
98643373
65379757
55336368
42161586
57462195
2776502
16670135
36885947
57701821
18070974
47584704
44912064
14206402
68007363
69367236
29230533
43136452
22130119
23907784
93283785
99470794
43697608
86474187
17233358
11550159
60700112
96116181
11941334
89953751
70792665
87662047
45563359
95774177
14956006
33885671
83156455
42581483
38657517
72834544
54324720
11224561
15949301
89957886
90428933
70911495
87739914
93748747
81557002
12221965
63444490
69551631
85681680
83017227
59831826
2321939
64003604
38589971
10708502
4808215
81116699
61885979
85526044
66125342
60542495
18767392
26158625
71239196
48961059
67468837
46329381
96607784
85270057
47365674
53640749
69441071
65541680
83695154
79181363
70686261
697913
48614971
4259388
95710781
98872894
95956544
78933572
62326340
52182600
61679178
56409684
22488661
32685653
89200215
89359958
425558
54971992
6952540
31876700
24520287
46767712
30346848
82163303
14243432
8531560
32028266
7704171
61337196
34893419
84242032
48557681
57304689
84526704
78747252
85053044
76463734
81516152
94058104
11632252
98424445
93118079
35749506
5809796
50822789
92733061
69277321
23088779
9614987
56123019
37230219
53091983
5136011
73414289
60298898
29216395
36048525
30895767
57994905
47341210
25853594
92413594
73361053
32378525
39620255
9031330
17108643
32173732
58369705
34150058
23877301
22464182
13455033
29359811
29294276
43718343
55267016
57870025
83455688
97967816
56671950
25759438
11126479
71941842
3387094
44369624
30406363
77549278
52094687
51042017
78816994
99354340
54324969
30848746
64499435
28520174
90697455
96042739
12441333
31061750
15009526
94807800
82333433
56690425
20301563
44705532
43546365
99792635
95551229
10835712
71098109
26263293
81178372
83035908
83805958
77266694
56061704
53720839
83732234
8158980
95139596
15951629
22161169
67233556
3743508
42813204
57190167
51128088
72437530
38936347
59635486
60755743
31121184
22384416
49565475
58089252
87975715
25036583
95213353
95258411
33007403
78112555
43738926
11339567
58695472
73625390
61196078
54148910
67659566
50943800
4730681
88250168
55222076
8443709
78989121
3073861
14993222
14679880
6313805
66273109
59387735
32749402
56319835
41281375
81557345
58212193
54812515
71815012
58558309
83361640
21243754
80031594
19187564
70004589
10375022
67645297
33353588
73783158
89724792
39632761
40720250
51740540
32896898
63643523
33154948
75798406
10540934
5150602
48725898
40013706
12844942
95946641
59893649
82530195
30295958
21245849
75515802
4771738
64866209
17428387
28948387
43018161
27363251
96210868
44797877
77270968
61249473
40902597
45885383
98824135
76306375
98789324
70975437
14936016
22353874
66688980
11495385
19761113
74903514
23646172
71733213
41600990
96692193
70287329
5103586
67471331
57645030
73707497
64110570
7247849
24688620
19849194
29059055
60753904
22835188
80605173
4151286
48562167
69482486
11415545
90552318
