16882087
29833654
11994641
27863712
46440840
21289374
92600509
83684863
90477049
61939715
33397720
64804703
85281281
70101515
55564700
45395552
35195783
90477049
55564700
46440840
91063504
48519278
90926144
49672455
80443219
27863712
77457182
16308436
42870313
21527967
79053982
25080143
34387352
46657330
17160680
60751760
79442483
83332638
76287803
64027582
30475262
90343739
19096398
34541918
99373776
12961786
78048141
40399220
17761462
46440840
28777196
67017341
37957595
93788827
30230946
27023981
61057999
21553133
38367130
18922082
88742462
97806765
77457182
41161874
56140589
89034845
59024596
17761462
19957664
28777196
85281281
90824459
28743555
19610334
33884168
21527967
99499739
95585211
82506501
91159115
74649949
27448392
88022619
13939889
88410154
33888992
94531115
63385705
59382757
12198559
94447034
23808186
47014024
49582890
83596887
30369515
16308436
52483421
45629009
98525258
81314256
25474661
78425290
89948228
22003873
12878860
34541918
15748676
51085768
64379328
18922082
15733356
62567294
77976690
99034381
17535716
94948790
37555476
83430445
96091398
83718806
84073284
13303746
76505639
40903050
17294227
31514118
55564700
79862272
73730670
84930124
77258828
23998697
52724702
49124654
11328832
89906726
90824459
95585211
23808186
49123875
17294227
14966293
40399220
35527779
54685316
92600509
64601149
44407606
13942764
14060843
45838374
10680654
50789615
30475262
89223349
45721552
12628204
21289374
64601149
11821592
50720116
61996537
71363318
86981809
85620083
42405708
16292423
59638500
34047698
56531468
58123575
11328832
84581278
38367130
30785958
81180478
84018345
41665248
71865580
50789615
98459489
44786951
12198559
52483421
26739088
85488789
33141972
73717195
59307023
40903050
22526698
99667601
29264923
59739506
47097270
88742462
59600061
67719138
42649552
59024596
10089852
60473505
66651529
65333524
18930996
41182377
67535203
99896521
50921411
93284456
48441463
49582890
52146809
12198559
31169892
90926144
16352733
66127275
76505639
84917434
41032740
30682623
37555476
44127068
87257170
23224190
34228513
68140029
18668083
16216297
17160680
44127068
61996537
57655188
44568042
46657330
70101515
37694761
83596887
73542251
42668733
79798386
49954301
79053982
65597223
47323935
64027582
86978414
46657330
73405368
18385489
48031912
21289374
64046133
72625165
63453785
13369138
84822238
74726631
99532051
30005139
61053984
12435703
69557831
16483435
61037824
28627071
24195949
77112740
62551054
16112372
87392206
13369138
54933260
88742462
65345625
75578160
39664927
53539440
26567113
77112740
83684863
98459489
56157605
53297994
21553133
25628970
53297994
17149896
91311889
23498683
41665248
89034845
98196648
93034463
65522180
78425290
43367420
85724734
58983635
93448905
93887991
33565242
73717195
98525258
74726631
66810714
47158043
79053982
90479795
21527967
79761665
92979013
30475262
58085283
18163716
64379328
61934395
35012175
69127003
10680654
64046133
31903655
65793446
99499739
84749778
71865580
18930996
30901071
83332638
97267640
66044294
84364553
49672455
31169892
25555538
34387352
93284456
79996571
12094621
96031424
27955012
48397427
79053982
64027582
68959970
28777196
92600509
88289912
64976993
54083617
16308436
46703329
74649949
57655188
33884168
67535203
79146528
29833654
90824459
79996571
64027582
86981809
91311889
87392206
58983635
50921411
71265642
97267640
28927888
56140589
54385522
97214194
58623236
18922082
22695278
56920015
90884303
32577450
49204093
83684863
65295432
96682105
77370493
95879348
52501790
58465458
50921411
42840120
31903655
37555476
71265642
84951962
64027582
15733356
89906726
45629009
27863712
54332405
44407660
16028916
76185684
44568042
65295432
12198559
49386950
78039784
65597223
23574223
81002546
61373673
98319418
99944048
17800646
61130726
79442483
16308436
18185774
54878662
56729464
96031424
37369253
45838374
16028916
57513523
55564700
37977913
53751444
61053984
90926144
98135406
76185684
50332123
56140589
40903050
48519278
54685316
91851474
48684819
56140589
13260068
37555476
82914030
21289374
30682623
84822238
59638500
52501790
45143631
97267640
27356470
84018345
30230946
18930996
18163716
38050122
25628970
87257170
17149896
94033160
78991365
52497367
76505639
20709641
24363418
99034381
71941720
28627071
33797534
18930996
56729464
93149864
39664927
33384143
47158043
83430445
90343739
11205240
13942764
57056725
13303746
51085768
31514118
87962176
33384143
25797735
90477049
79862272
65333524
35195783
14060843
65578791
10118922
34047698
83332638
36346598
15980858
54720682
10251683
61373673
88441651
14060843
99373776
84364553
98135406
82686189
59382757
83090589
17881245
32577450
66810714
30230946
91063504
17207548
44786951
83210966
19640709
65578791
41182377
65295432
99667601
99896521
62551054
57388368
82109969
99605856
57655188
44661710
21947011
79798386
33797534
54083617
61037824
58860347
44786951
61695228
64817801
18163716
44661710
19096398
56157605
26053221
77112740
82914030
44786951
69127003
62265838
65578791
51058811
61695228
18163716
24382955
18163716
80443219
28927888
49386950
26564755
20709641
93788827
99667601
13942764
99289502
80469604
86102180
57165229
88022619
84882796
16483435
13260068
46977876
43286875
83718806
40893399
85281281
84887879
24890189
48101269
38050122
75568469
88056759
23808186
47158043
40579324
84887879
66814760
84581278
28319773
73405368
83972601
80469604
36346598
29903694
94964574
81002546
11994641
32577450
62623736
32577450
48031912
26564755
28319773
18703113
61130726
21011138
15393751
24195949
27147845
42230209
30005139
64518958
37957595
12198559
57513523
82686189
43947560
12961786
39000438
80811478
93788827
83684863
44766170
47158043
83190114
72253118
26053221
53397048
28969179
37957595
40229673
49582890
23795948
18668083
38050122
65597223
58123575
68140029
10118922
69327720
60751760
42230209
28143128
65295432
94033160
47323935
27147845
61695228
64046133
90479795
25091627
28319773
20709641
28777196
79457202
57201650
84232191
21289374
84917434
61695228
59307023
93775449
57748449
44661710
25898830
30230946
19393359
90926144
74042417
77112740
31738656
40399220
52373261
67017341
22526698
89141355
30005139
99086458
84930124
43947560
13260068
58983635
68335864
93448905
83636083
68884597
27023981
41975653
33888992
79798386
54685316
98196648
48441463
67719138
52497367
65597223
61939715
45143631
57201650
80208009
43483771
18191035
74284109
64976993
72625165
42405708
74284109
75578160
33565242
13422413
74713641
76911223
12878860
96456433
73542251
89906726
25898830
11411866
25628970
20709641
59350516
96328693
19610334
30364116
23795948
45395552
99289502
91311889
84822238
94493640
97806765
94447034
56531468
98459489
16388139
25429894
97214194
76287803
36677908
11732471
94493640
40579324
33380157
10680654
60125345
61373673
19957664
84749778
25532823
96576182
17800646
40399220
90477049
25797735
54436167
17761462
79996571
83972601
94531115
60473505
55238979
92743285
36346598
25080143
49672455
59382757
65333524
24195949
64027582
49123897
31169892
10118922
48519278
53397048
53220470
84119238
65985027
24363418
75568469
92743285
58296759
19393359
17881245
21011138
72028625
25628970
43278850
71965165
84951962
67719138
29903694
34387352
45665093
57056725
18930996
78048141
68884597
66127275
16352733
91159115
86978414
43278850
92600509
10680654
81002546
35154536
21011138
35154536
83684863
26053221
65333524
46295067
72625165
78039784
18785344
85281281
30746323
61939715
82109969
59382757
20958621
23808186
75163120
59350516
36587865
75821741
41161874
58623236
38348444
42912172
45665093
46295067
18185774
84073284
87392206
17149896
90695808
96328693
57165229
11411866
15665772
16388139
65522180
27147845
52373261
93887991
84822238
42405708
59350516
86819890
52927773
94106526
35154536
21527967
85488789
12435703
52927773
28143128
55209485
24195949
85488789
18668083
79996571
47158043
49672455
37083414
61939715
42682709
30746323
13939889
70253498
77258828
33141972
29142359
84887879
96682105
76600923
73717195
10455719
62551054
40893399
65653192
46977876
34643166
34615907
77577400
48259903
57201650
33797534
54436167
74042417
39402743
65985027
42649552
20958621
28143128
61934395
42668733
72253118
17800646
30364116
96576182
47097270
11821592
65333524
83636083
30027735
45665093
35012175
81314256
20958621
84524837
82588126
48101269
54436167
80811478
28969179
10045518
12628204
67719138
74713641
54083617
27356470
63180149
73542251
98135406
69765481
43947560
24890189
39284638
66651529
29142359
84581278
12435703
21289374
62265838
68884597
31169892
85724734
33397720
64518958
43483771
92030766
20153180
21289374
83430445
57008032
29264923
71044296
70101515
57165229
69765481
52904723
99034381
97806765
17294227
58983635
13604185
18922082
20958621
38050122
63385705
62567294
60002617
70253498
30682623
94106526
84364553
33380157
95879348
99532051
92630196
44407606
13303746
49673278
52146809
71265642
17535716
40369188
32459487
52904723
45143631
76600923
74713641
99667601
44407606
97806765
84822238
10089852
30901071
66651529
63385705
42912172
75163120
43323755
20958621
60093881
25495491
54083617
89034845
56920015
