24500077
25016095
24483224
41313823
72101927
79647746
46448082
82604495
21194345
67464593
79619868
66477373
77536073
92023232
62820380
58584977
62016503
17224840
19287532
36712368
12550291
15655268
14719607
86807648
44259824
39023672
40535681
78629001
60008509
68078596
41861577
92294941
42753538
35162620
58448440
42877725
93739978
13095484
28506967
31112730
46381736
76340945
16260300
40100388
56712480
39058532
46177445
39121583
73622328
97357881
86362175
46703941
25002376
47244426
28996068
85856473
15058573
77162244
46476670
38972690
35401060
94759523
11156260
99638883
51677285
49101691
68714430
92557255
24318222
45073378
67801498
23028170
14355044
83431855
23142169
77451513
88446163
59663205
96314381
53314318
17814382
87696005
24849031
31058199
63016472
83746466
51709885
48732443
70573581
11738708
11982256
99292131
34766001
45169020
60885068
96545760
78322276
91965036
66327017
12241330
73475415
35341167
46955409
88827189
67103642
90933269
72709488
45376955
59929484
88535831
82315955
50613858
71624495
96863158
63274078
58941400
59594857
91891279
52114125
17797691
83083686
30097999
32212365
18089672
23113114
32787064
17885270
84952416
39841790
83342606
73925367
69005848
54928835
44465241
98428741
99365417
14410965
98043029
94875468
89738550
89620551
21888461
48342121
66071862
51531426
26894864
36697365
19170273
78706513
89104039
52138093
50194073
21964082
19361143
95504435
53076112
62162496
60157067
73539080
29228451
85077811
84920474
23008947
64775269
54228988
53871104
55418568
46775112
53468754
10373140
28812777
83634213
61910331
28883320
80178436
61730884
22380648
56228292
28821597
65171881
83798958
97252903
79341081
72092154
89651119
17176381
31006618
83464277
83037650
85079647
20456897
63417187
30989758
44365169
27232034
92817574
85087726
41339398
66753110
85383887
25739639
56468848
54254220
37444394
20608440
80935865
24656382
23905795
87081137
60043038
44398798
65724507
13004941
58887697
93728531
35839414
44812686
14440266
70773867
56267972
95478038
12633117
49911285
46505510
33305448
99840001
99640670
67940568
80353476
67023113
86576091
49158596
41023989
66335871
78668831
23690108
88894500
39391001
17625656
67816852
12460380
43295699
87501979
53327470
88115768
65407896
15818111
82648287
85582708
61949389
61770390
23058700
81412911
78317394
88364573
24046223
92251147
51100981
29572318
86424226
54662819
57588336
39948619
55741223
18105663
92716471
18605942
11705066
16683581
89141597
34129302
46477013
89593931
70227778
15828111
44727137
78100589
43251843
96105598
67409156
97159364
22371995
65434262
67142438
24384460
50961948
20025955
69424592
69488346
53997561
79483219
93898401
50147115
45877225
98692816
99742134
37876418
77506733
86743314
40472958
54454578
99393169
82326420
66872785
85248481
10901389
69830880
20775776
19465113
69819064
38295509
25888905
68617966
73368805
83311915
43120442
63290577
29773721
64576455
30384485
51710980
53499815
82045537
30766724
45074405
74196402
54821121
25514548
49276930
44972168
98485330
65982940
95824713
43632262
78127629
12100968
17929881
22100914
63739949
13260949
52326044
25714732
18678119
68621362
40423138
87728425
79035765
10945859
98595260
84283145
81705019
94329254
89057507
53405923
94156287
72357141
81381091
87063466
36166221
48419499
51704242
97903498
26432766
11978471
47817510
35641591
59264556
52384999
35567555
73113637
29878800
93750547
56153565
12577597
85323987
76813760
84797017
98791597
40244027
78837387
98175809
76163719
64792450
18572191
75038990
69008686
10465046
95122944
22644985
20091138
75080688
30589645
66497696
48586783
21080753
93214166
46201629
45840641
27292329
81446471
47355160
80724363
62593466
78578122
52235073
71074183
79255439
88950292
31529490
61665628
52269280
21786031
95352704
73057148
71906190
99919607
29729478
12434640
89783862
55360371
17508520
80826479
73933481
55188431
87348303
33145168
51327705
39479952
73890648
71138582
43802705
48594942
63303677
51847005
93925039
36768954
77365368
25005689
42460736
36679270
75853305
16338363
91624432
58406032
49453020
76090878
88873033
88992135
43987814
22290453
18759516
37339098
73751001
30233529
10912161
87549761
51484099
80979140
67950718
48600701
32764907
43246014
62373379
18801437
32596789
12993456
59272785
66971744
62365935
99265804
51247939
24289349
91404373
96781743
39303989
88352877
99326861
48794451
67035798
26301801
60198156
70960239
16301494
44601980
43569885
50442873
45620584
70835409
40894003
35983704
92138091
79254647
47488603
70984389
89127620
30816689
91536145
90180941
14198079
89303148
57079149
99772336
12925859
83220066
88947103
72231787
34452547
48444138
24939310
39755943
34295848
32434042
47630650
44926394
36824460
49657980
84206714
11549324
92602986
44238872
99807872
91631012
87932044
71636642
31214765
52702397
54300741
20487947
42931692
77352607
46094736
32679387
75366916
32246558
37253228
38369001
99840696
58322080
32854819
52792989
17413178
90492225
32390277
82145090
33213191
58898178
68301034
78129705
71179926
44372297
97338064
24092868
28440866
83718852
40176175
13589293
94573310
47690349
43193851
11800447
60309132
88447933
42380251
45430061
13164886
71766703
10188420
37874180
85709499
14323839
40575940
23625089
46134258
25456015
65994418
54258606
67860528
67242619
64734454
85872412
39229680
29071011
68998848
94483804
87640063
11978627
39376322
16702429
66071805
86640840
50002558
59962424
60029361
93368083
87740593
60500943
93281984
42626433
57069907
17779468
82679542
63595906
81303078
78932442
24276778
16369262
78765464
67601614
58616056
98632220
51535908
50201525
55333402
80414485
70713993
19923042
46397323
60613564
14178512
96813980
90661990
65442712
53558685
79591707
17135135
99949686
59401036
61753736
37684389
35138225
51008703
58960347
48177082
10890083
75265627
45848309
20939994
57076689
92449889
79780027
88066252
10796830
28529104
74163161
41923908
48063064
46673707
43492990
29955706
65828837
48700677
93724476
73334316
11341563
70603558
74534225
53030489
79953853
12227983
77604209
65383162
82615043
55866489
96281465
68448479
58840628
25656248
79234149
53212842
56772543
28692367
59293070
39218238
77907825
76678746
40242347
41925458
13065343
47520290
13889627
72994342
39255278
17027330
74043767
40110564
34156708
42740082
46271482
83821240
33879035
22254815
97641147
14688720
34707411
19624928
15984981
60805440
72390825
27017227
23980405
43378100
34963345
24490183
11243980
66167702
67948601
71989443
70917034
95426866
81436723
95518161
36996054
79854566
86919125
63000101
11483143
83728424
35444402
91823186
27518928
62470419
73439787
22495907
60598687
59787837
88475739
41044942
91137781
15735574
18472923
81871658
88374091
48289332
19411544
75119357
86030148
14534709
27959198
26723558
57730510
39879574
95280989
67077244
85501389
73844196
45653046
89740837
30738103
34004057
27035897
33739071
53664577
79088521
86213098
78661242
69085861
40616038
42088180
15503019
44803211
29043616
28598295
89532660
37458973
76254101
95343749
36648974
97752834
26417526
23167217
72660338
83947193
13934929
65771761
13511317
68575514
19051385
67403832
63897889
21102926
72463848
12368930
48202389
42362982
85404299
86015185
50146276
29262792
21044792
18544630
67893850
99520274
63616568
82599049
33787805
76268370
39252305
56216034
26693614
49594914
82950142
23143246
29280740
94152552
17466015
50939529
71822948
84411235
61630332
92120172
37110976
60795945
54009011
59924917
92175923
31172044
37767559
38517585
69100227
95437607
63840311
28868740
86459436
22862646
84745779
98932810
14839923
13746506
77345304
94203089
29578356
77853079
74089295
43008804
31355242
94528653
26169355
61661049
88925278
60808338
26120607
71060760
86254920
50286649
82540560
58223799
86467448
26501638
49585832
70608112
33429556
11762672
71242756
53018047
52744454
20110335
94365258
66867583
75974104
35253315
88854308
85562403
22809730
46533250
43043379
21171934
30474189
11422161
75972160
69519412
30433551
15371977
21331788
28321340
58512302
43064859
64754668
96559203
87654798
83973586
85784313
25438667
35336044
12785828
59444243
99301110
62183997
63627059
31081857
81350704
17971952
10695112
62136141
98917948
66600851
55140990
28431557
46725309
87651210
29600862
35464325
16070985
63006015
39803417
20505808
24265665
94526384
19664020
81751161
93593040
90149045
34832486
62378018
22349921
32152707
19756680
67254738
45046195
90688847
57696104
24260577
24129223
38450134
40812184
55818379
99005082
91280255
15710585
25462646
19136262
56529154
12713606
98458092
59297818
57123351
12370855
48241642
55706374
25209358
68235016
68762021
80361468
65982411
15165495
95649518
48304404
19932283
10802751
26000413
14826778
58067443
24822095
62860301
23008621
97477204
19171108
68324579
41424347
31110512
28805788
99699151
80499373
45623019
93985869
93500400
58373457
80833869
26516331
20278435
54489102
43664416
46966658
76384303
52555721
14210836
91538439
70933683
34809686
13562708
93917902
81391113
66805016
76577229
29456315
15941041
39669357
86129165
13685775
98134067
41433999
44680458
18080255
82493912
33550314
54161541
64018014
90067442
55491893
72186590
54462724
